timestamp,coin,action,side,quantity,price,profit_target,stop_loss,leverage,confidence,pnl,balance_after,reason,confluence_tags,trigger_tags,reasoning_categories
2024-02-20T00:00:00+00:00,AAPL,ENTRY,long,2.585562400484787,268.9160670446113,276.1183077826479,265.0484365445216,10.0,0,0,930.2788655165656,"SMC Scalping Long. Trigger: OB Low $265.35, Target: $276.12, Stop: $265.05 | TYPE A Phase 1 | Fees: $0.19",SMC_scalping;OB_FVG_limit;Bullish Continuation,OB_mitigation,SMC;Scalping;Wyckoff_Markup
2024-02-23T00:00:00+00:00,AAPL,CLOSE,long,2.585562400484787,275.81457764408697,0,0,10.0,0,17.44920998019289,1017.4492099801929,"Take profit hit | TYPE A Phase 1 | Closed 2.5856, Remaining 0.0000 | Gross: $17.84 | Fees: $0.39",,,
2024-02-23T00:00:00+00:00,AAPL,ENTRY,long,1.2770916372859007,276.1008288537513,288.57002977251346,268.1339047875778,10.0,0,0,982.0916373561262,"SMC Scalping Long. Trigger: BOS Bullish Breakout (Vol Ratio 1.4x), Target: $288.57, Stop: $268.13 | TYPE A Phase 1 | Fees: $0.10",SMC_scalping;BOS_breakout;Bullish Continuation,BOS_breakout,SMC;Scalping;Wyckoff_Markup
2024-02-29T00:00:00+00:00,AAPL,CLOSE,long,1.2770916372859007,267.83895749231147,0,0,10.0,0,-10.742198585917336,1006.7070113942756,"Stop loss hit | TYPE A Phase 1 | Closed 1.2771, Remaining 0.0000 | Gross: $-10.55 | Fees: $0.19",,,
2024-04-12T00:00:00+00:00,AAPL,ENTRY,short,0.8514894357922433,180.8762599387592,161.70258972604785,192.69915484593577,10.0,0,0,991.2632350301851,"SMC Scalping Short. Trigger: BOS Bearish Breakout (Vol Ratio 2.7x), Target: $161.70, Stop: $192.70 | TYPE A Phase 1 | Fees: $0.04",SMC_scalping;BOS_breakout;Bearish Continuation,BOS_breakout,SMC;Scalping;Wyckoff_Markdown
2024-04-26T00:00:00+00:00,AAPL,CLOSE,short,0.8514894357922433,192.9111239162663,0,0,10.0,0,-10.335085440404772,996.3719259538708,"Stop loss hit | TYPE A Phase 1 | Closed 0.8515, Remaining 0.0000 | Gross: $-10.25 | Fees: $0.09",,,
2024-06-25T00:00:00+00:00,AAPL,ENTRY,short,1.4095172901609536,176.4227547754745,165.1593521150038,183.4916423507386,10.0,0,0,971.4364491265958,"SMC Scalping Short. Trigger: BOS Bearish Breakout (Vol Ratio 1.8x), Target: $165.16, Stop: $183.49 | TYPE A Phase 1 | Fees: $0.07",SMC_scalping;BOS_breakout;Bearish Continuation,BOS_breakout,SMC;Scalping;Wyckoff_Markdown
2024-07-02T00:00:00+00:00,AAPL,CLOSE,short,1.4095172901609536,165.3410274023303,0,0,10.0,0,15.487412798260795,1011.8593387521316,"Take profit hit | TYPE A Phase 1 | Closed 1.4095, Remaining 0.0000 | Gross: $15.62 | Fees: $0.13",,,
2024-07-22T00:00:00+00:00,AAPL,ENTRY,long,1.2582282505918467,234.12711069848805,246.84432220407325,226.0851728523447,10.0,0,0,982.3197932912531,"SMC Scalping Long. Trigger: BOS Bullish Breakout (Vol Ratio 1.3x), Target: $246.84, Stop: $226.09 | TYPE A Phase 1 | Fees: $0.08",SMC_scalping;BOS_breakout;Bullish Continuation,BOS_breakout,SMC;Scalping;Wyckoff_Markup
2024-07-24T00:00:00+00:00,AAPL,CLOSE,long,1.2582282505918467,225.83647916220713,0,0,10.0,0,-10.590660089523096,1001.2686786626085,"Stop loss hit | TYPE A Phase 1 | Closed 1.2582, Remaining 0.0000 | Gross: $-10.43 | Fees: $0.16",,,
2024-07-24T00:00:00+00:00,AAPL,ENTRY,long,2.3725978288048095,225.33078677893246,237.88820419985169,221.11065024122436,10.0,0,0,947.6597247978956,"SMC Scalping Long. Trigger: OB Low $221.43, Target: $237.89, Stop: $221.11 | TYPE A Phase 1 | Fees: $0.15",SMC_scalping;OB_FVG_limit;Bullish Continuation,OB_mitigation,SMC;Scalping;Wyckoff_Markup
2024-08-05T00:00:00+00:00,AAPL,CLOSE,long,2.3725978288048095,237.62652717523184,0,0,10.0,0,28.87078380038033,1030.1394624629888,"Take profit hit | TYPE A Phase 1 | Closed 2.3726, Remaining 0.0000 | Gross: $29.17 | Fees: $0.30",,,
2024-08-05T00:00:00+00:00,AAPL,ENTRY,long,1.4565079549916211,238.92485441388072,250.0125553053311,231.85218818550496,10.0,0,0,995.2441684665333,"SMC Scalping Long. Trigger: BOS Bullish Breakout (Vol Ratio 1.7x), Target: $250.01, Stop: $231.85 | TYPE A Phase 1 | Fees: $0.10",SMC_scalping;BOS_breakout;Bullish Continuation,BOS_breakout,SMC;Scalping;Wyckoff_Markup
2024-08-07T00:00:00+00:00,AAPL,CLOSE,long,1.4565079549916211,231.5971507785009,0,0,10.0,0,-10.86132137373111,1019.2781410892577,"Stop loss hit | TYPE A Phase 1 | Closed 1.4565, Remaining 0.0000 | Gross: $-10.67 | Fees: $0.19",,,
2024-08-13T00:00:00+00:00,AAPL,ENTRY,short,1.0314961369556648,168.52297013666032,152.54859732266422,178.4045208722504,10.0,0,0,1001.8472583528435,"SMC Scalping Short. Trigger: BOS Bearish Breakout (Vol Ratio 1.2x), Target: $152.55, Stop: $178.40 | TYPE A Phase 1 | Fees: $0.05",SMC_scalping;BOS_breakout;Bearish Continuation,BOS_breakout,SMC;Scalping;Wyckoff_Markdown
2024-08-21T00:00:00+00:00,AAPL,CLOSE,short,1.0314961369556648,178.60076584520988,0,0,10.0,0,-10.493672960392749,1008.7844681288649,"Stop loss hit | TYPE A Phase 1 | Closed 1.0315, Remaining 0.0000 | Gross: $-10.40 | Fees: $0.10",,,
2024-09-03T00:00:00+00:00,AAPL,ENTRY,long,3.184828487519384,221.47276116057776,235.38811339347617,218.30529241906763,10.0,0,0,938.0552202247741,"SMC Scalping Long. Trigger: OB Low $218.66, Target: $235.39, Stop: $218.31 | TYPE A Phase 1 | Fees: $0.19",SMC_scalping;OB_FVG_limit;Bullish Continuation,OB_mitigation,SMC;Scalping;Wyckoff_Markup
2024-09-05T00:00:00+00:00,AAPL,CLOSE,long,3.184828487519384,235.12918646874337,0,0,10.0,0,43.09346766430317,1051.877935793168,"Take profit hit | TYPE A Phase 1 | Closed 3.1848, Remaining 0.0000 | Gross: $43.49 | Fees: $0.40",,,
2024-09-09T00:00:00+00:00,AAPL,ENTRY,long,0.22304678421070304,271.78737718419524,290.7060025456669,224.6278568389253,10.0,0,0,1045.7991348885391,"SMC Scalping Long. Trigger: FVG Low $225.11, Target: $290.71, Stop: $224.63 | TYPE A Phase 1 | Fees: $0.02",SMC_scalping;OB_FVG_limit;Bullish Continuation,FVG_mitigation,SMC;Scalping;Wyckoff_Markup
2024-09-19T00:00:00+00:00,AAPL,CLOSE,long,0.22304678421070304,224.38076619640248,0,0,10.0,0,-10.604326026077386,1041.2736097670906,"Stop loss hit | TYPE A Phase 1 | Closed 0.2230, Remaining 0.0000 | Gross: $-10.57 | Fees: $0.03",,,
2024-10-10T00:00:00+00:00,AAPL,ENTRY,long,2.809703394734778,228.6421221912934,249.27603936568283,224.93613097628338,10.0,0,0,976.855290526669,"SMC Scalping Long. Trigger: OB Low $225.46, Target: $249.28, Stop: $224.94 | TYPE A Phase 1 | Fees: $0.18",SMC_scalping;OB_FVG_limit;Bullish Continuation,OB_mitigation,SMC;Scalping;Wyckoff_Markup
2024-10-11T00:00:00+00:00,AAPL,CLOSE,long,2.809703394734778,224.68870123220947,0,0,10.0,0,-11.45821470676924,1029.8153950603214,"Stop loss hit | TYPE A Phase 1 | Closed 2.8097, Remaining 0.0000 | Gross: $-11.11 | Fees: $0.35",,,
2024-11-29T00:00:00+00:00,AAPL,ENTRY,long,0.972220416189905,270.83425581644417,287.6946925934015,260.2418492190171,10.0,0,0,1003.411925356437,"SMC Scalping Long. Trigger: BOS Bullish Breakout (Vol Ratio 1.3x), Target: $287.69, Stop: $260.24 | TYPE A Phase 1 | Fees: $0.07",SMC_scalping;BOS_breakout;Bullish Continuation,BOS_breakout,SMC;Scalping;Wyckoff_Markup
2024-12-13T00:00:00+00:00,AAPL,CLOSE,long,0.972220416189905,259.9555831848762,0,0,10.0,0,-10.718379930957113,1019.0970151293643,"Stop loss hit | TYPE A Phase 1 | Closed 0.9722, Remaining 0.0000 | Gross: $-10.58 | Fees: $0.14",,,
2024-12-17T00:00:00+00:00,AAPL,ENTRY,long,0.9758955558225801,234.5565269132854,251.27372589776422,224.11384163770416,10.0,0,0,996.1437996741228,"SMC Scalping Long. Trigger: BOS Bullish Breakout (Vol Ratio 1.3x), Target: $251.27, Stop: $224.11 | TYPE A Phase 1 | Fees: $0.06",SMC_scalping;BOS_breakout;Bullish Continuation,BOS_breakout,SMC;Scalping;Wyckoff_Markup
2024-12-30T00:00:00+00:00,AAPL,CLOSE,long,0.9758955558225801,223.86731641190266,0,0,10.0,0,-10.55458081618212,1008.5424343131822,"Stop loss hit | TYPE A Phase 1 | Closed 0.9759, Remaining 0.0000 | Gross: $-10.43 | Fees: $0.12",,,
2024-12-31T00:00:00+00:00,AAPL,ENTRY,short,0.8481118330384128,186.6379966738873,167.36670295627601,198.52961750766363,10.0,0,0,992.6699152451062,"SMC Scalping Short. Trigger: BOS Bearish Breakout (Vol Ratio 1.2x), Target: $167.37, Stop: $198.53 | TYPE A Phase 1 | Fees: $0.04",SMC_scalping;BOS_breakout;Bearish Continuation,BOS_breakout,SMC;Scalping;Wyckoff_Markdown
2025-01-15T00:00:00+00:00,AAPL,CLOSE,short,0.8481118330384128,198.74800008692205,0,0,10.0,0,-10.360521059368875,998.1819132538134,"Stop loss hit | TYPE A Phase 1 | Closed 0.8481, Remaining 0.0000 | Gross: $-10.27 | Fees: $0.09",,,
2025-01-29T00:00:00+00:00,AAPL,ENTRY,long,0.9759226781632905,271.6059459376013,287.856917253155,261.3778619347537,10.0,0,0,971.6023797767683,"SMC Scalping Long. Trigger: BOS Bullish Breakout (Vol Ratio 1.3x), Target: $287.86, Stop: $261.38 | TYPE A Phase 1 | Fees: $0.07",SMC_scalping;BOS_breakout;Bullish Continuation,BOS_breakout,SMC;Scalping;Wyckoff_Markup
2025-01-30T00:00:00+00:00,AAPL,CLOSE,long,0.9759226781632905,261.09034628662545,0,0,10.0,0,-10.405376531715966,987.7765367220974,"Stop loss hit | TYPE A Phase 1 | Closed 0.9759, Remaining 0.0000 | Gross: $-10.26 | Fees: $0.14",,,
2025-02-11T00:00:00+00:00,AAPL,ENTRY,short,1.6987488679639673,216.63236816507734,200.39115042205285,222.4470977896274,10.0,0,0,950.8749366063187,"SMC Scalping Short. Trigger: FVG High $222.04, Target: $200.39, Stop: $222.45 | TYPE A Phase 1 | Fees: $0.10",SMC_scalping;OB_FVG_limit;Bearish Continuation,FVG_mitigation,SMC;Scalping;Wyckoff_Markdown
2025-02-12T00:00:00+00:00,AAPL,CLOSE,short,1.6987488679639673,222.691789597196,0,0,10.0,0,-10.498668187636833,977.2778685344605,"Stop loss hit | TYPE A Phase 1 | Closed 1.6987, Remaining 0.0000 | Gross: $-10.29 | Fees: $0.21",,,
2025-02-12T00:00:00+00:00,AAPL,ENTRY,short,0.9809534640588522,219.97629999420676,204.01805708224856,229.93883037246565,10.0,0,0,955.639875894234,"SMC Scalping Short. Trigger: BOS Bearish Breakout (Vol Ratio 1.2x), Target: $204.02, Stop: $229.94 | TYPE A Phase 1 | Fees: $0.06",SMC_scalping;BOS_breakout;Bearish Continuation,BOS_breakout,SMC;Scalping;Wyckoff_Markdown
2025-02-13T00:00:00+00:00,AAPL,CLOSE,short,0.9809534640588522,230.19176308587538,0,0,10.0,0,-10.142332234981632,967.1355362994789,"Stop loss hit | TYPE A Phase 1 | Closed 0.9810, Remaining 0.0000 | Gross: $-10.02 | Fees: $0.12",,,
2025-03-21T00:00:00+00:00,AAPL,ENTRY,long,1.379636065323716,245.7548726967848,256.7182458795274,238.74479546984196,10.0,0,0,933.1370683607862,"SMC Scalping Long. Trigger: BOS Bullish Breakout (Vol Ratio 1.2x), Target: $256.72, Stop: $238.74 | TYPE A Phase 1 | Fees: $0.09",SMC_scalping;BOS_breakout;Bullish Continuation,BOS_breakout,SMC;Scalping;Wyckoff_Markup
2025-03-27T00:00:00+00:00,AAPL,CLOSE,long,1.379636065323716,238.48217619482514,0,0,10.0,0,-10.217393882881773,956.9181424165971,"Stop loss hit | TYPE A Phase 1 | Closed 1.3796, Remaining 0.0000 | Gross: $-10.03 | Fees: $0.18",,,
2025-03-28T00:00:00+00:00,AAPL,ENTRY,long,1.0489700998860862,211.0532885333145,225.63896904287523,201.93083458996077,10.0,0,0,934.7184016391719,"SMC Scalping Long. Trigger: BOS Bullish Breakout (Vol Ratio 1.4x), Target: $225.64, Stop: $201.93 | TYPE A Phase 1 | Fees: $0.06",SMC_scalping;BOS_breakout;Bullish Continuation,BOS_breakout,SMC;Scalping;Wyckoff_Markup
2025-04-08T00:00:00+00:00,AAPL,CLOSE,long,1.0489700998860862,201.7087106719118,0,0,10.0,0,-9.921250896441142,946.9968915201559,"Stop loss hit | TYPE A Phase 1 | Closed 1.0490, Remaining 0.0000 | Gross: $-9.80 | Fees: $0.12",,,
2025-04-08T00:00:00+00:00,AAPL,ENTRY,short,1.2245501065800255,202.02424632697762,189.728458286505,209.75767337444216,10.0,0,0,922.1899783596089,"SMC Scalping Short. Trigger: BOS Bearish Breakout (Vol Ratio 1.2x), Target: $189.73, Stop: $209.76 | TYPE A Phase 1 | Fees: $0.07",SMC_scalping;BOS_breakout;Bearish Continuation,BOS_breakout,SMC;Scalping;Wyckoff_Markdown
2025-04-11T00:00:00+00:00,AAPL,CLOSE,short,1.2245501065800255,189.93715959062015,0,0,10.0,0,14.66924984636584,961.6661413665219,"Take profit hit | TYPE A Phase 1 | Closed 1.2246, Remaining 0.0000 | Gross: $14.80 | Fees: $0.13",,,
2025-04-11T00:00:00+00:00,AAPL,ENTRY,short,1.1910956144266642,185.67643789712292,172.76536412071485,193.75023255910244,10.0,0,0,939.4894837208666,"SMC Scalping Short. Trigger: BOS Bearish Breakout (Vol Ratio 1.6x), Target: $172.77, Stop: $193.75 | TYPE A Phase 1 | Fees: $0.06",SMC_scalping;BOS_breakout;Bearish Continuation,BOS_breakout,SMC;Scalping;Wyckoff_Markdown
2025-04-28T00:00:00+00:00,AAPL,CLOSE,short,1.1910956144266642,193.96335781491746,0,0,10.0,0,-9.994865477517015,951.6712758890048,"Stop loss hit | TYPE A Phase 1 | Closed 1.1911, Remaining 0.0000 | Gross: $-9.87 | Fees: $0.12",,,
2025-05-29T00:00:00+00:00,AAPL,ENTRY,long,0.8158247627179745,242.08972550222958,260.8222814132303,230.42458220946597,10.0,0,0,931.8666833345355,"SMC Scalping Long. Trigger: BOS Bullish Breakout (Vol Ratio 1.3x), Target: $260.82, Stop: $230.42 | TYPE A Phase 1 | Fees: $0.05",SMC_scalping;BOS_breakout;Bullish Continuation,BOS_breakout,SMC;Scalping;Wyckoff_Markup
2025-06-03T00:00:00+00:00,AAPL,CLOSE,long,0.8158247627179745,230.17111516903555,0,0,10.0,0,-9.829450021283474,941.8418258677214,"Stop loss hit | TYPE A Phase 1 | Closed 0.8158, Remaining 0.0000 | Gross: $-9.72 | Fees: $0.11",,,
2025-07-09T00:00:00+00:00,AAPL,ENTRY,short,2.3926131799944423,192.49710631607363,182.10930676175388,196.43356304774602,10.0,0,0,895.6580574431957,"SMC Scalping Short. Trigger: FVG High $196.09, Target: $182.11, Stop: $196.43 | TYPE A Phase 1 | Fees: $0.13",SMC_scalping;OB_FVG_limit;Bearish Continuation,FVG_mitigation,SMC;Scalping;Wyckoff_Markdown
2025-07-14T00:00:00+00:00,AAPL,CLOSE,short,2.3926131799944423,196.64963996709855,0,0,10.0,0,-10.191453093192672,931.6503727745287,"Stop loss hit | TYPE A Phase 1 | Closed 2.3926, Remaining 0.0000 | Gross: $-9.94 | Fees: $0.26",,,
2025-07-16T00:00:00+00:00,AAPL,ENTRY,short,1.1366328656431979,200.98741645911403,186.9011642973972,209.18399779100545,10.0,0,0,908.7426590133539,"SMC Scalping Short. Trigger: BOS Bearish Breakout (Vol Ratio 1.3x), Target: $186.90, Stop: $209.18 | TYPE A Phase 1 | Fees: $0.06",SMC_scalping;BOS_breakout;Bearish Continuation,BOS_breakout,SMC;Scalping;Wyckoff_Markdown
2025-07-18T00:00:00+00:00,AAPL,CLOSE,short,1.1366328656431979,209.41410018857556,0,0,10.0,0,-9.706326534567951,921.9440462399607,"Stop loss hit | TYPE A Phase 1 | Closed 1.1366, Remaining 0.0000 | Gross: $-9.58 | Fees: $0.13",,,
2025-07-31T00:00:00+00:00,AAPL,ENTRY,long,1.282694294957805,224.15554871176516,236.70697310721908,216.96799007161164,10.0,0,0,893.1126730514221,"SMC Scalping Long. Trigger: OB Low $217.29, Target: $236.71, Stop: $216.97 | TYPE A Phase 1 | Fees: $0.08",SMC_scalping;OB_FVG_limit;Bullish Continuation,OB_mitigation,SMC;Scalping;Wyckoff_Markup
2025-08-01T00:00:00+00:00,AAPL,CLOSE,long,1.282694294957805,216.72932528253284,0,0,10.0,0,-9.68109256672485,912.2629536732359,"Stop loss hit | TYPE A Phase 1 | Closed 1.2827, Remaining 0.0000 | Gross: $-9.53 | Fees: $0.16",,,
2025-08-01T00:00:00+00:00,AAPL,ENTRY,short,0.9829265947048462,202.8906283987482,188.01794739580515,212.1717177353041,10.0,0,0,892.2654519128059,"SMC Scalping Short. Trigger: BOS Bearish Breakout (Vol Ratio 1.9x), Target: $188.02, Stop: $212.17 | TYPE A Phase 1 | Fees: $0.05",SMC_scalping;BOS_breakout;Bearish Continuation,BOS_breakout,SMC;Scalping;Wyckoff_Markdown
2025-08-04T00:00:00+00:00,AAPL,CLOSE,short,0.9829265947048462,188.22476713794052,0,0,10.0,0,14.309744693434743,926.5726983666706,"Take profit hit | TYPE A Phase 1 | Closed 0.9829, Remaining 0.0000 | Gross: $14.42 | Fees: $0.11",,,
2025-08-04T00:00:00+00:00,AAPL,ENTRY,short,0.9281089536631876,187.87793380285993,171.7905701820496,197.86138127106446,10.0,0,0,909.0876270328997,"SMC Scalping Short. Trigger: BOS Bearish Breakout (Vol Ratio 2.2x), Target: $171.79, Stop: $197.86 | TYPE A Phase 1 | Fees: $0.05",SMC_scalping;BOS_breakout;Bearish Continuation,BOS_breakout,SMC;Scalping;Wyckoff_Markdown
2025-08-06T00:00:00+00:00,AAPL,CLOSE,short,0.9281089536631876,171.97953980924987,0,0,10.0,0,14.66359540492648,941.236293771597,"Take profit hit | TYPE A Phase 1 | Closed 0.9281, Remaining 0.0000 | Gross: $14.76 | Fees: $0.09",,,
2025-08-06T00:00:00+00:00,AAPL,ENTRY,short,0.7861980649703346,172.31975947144613,152.87245469100327,184.2917590948122,10.0,0,0,927.6512913244371,"SMC Scalping Short. Trigger: BOS Bearish Breakout (Vol Ratio 1.8x), Target: $152.87, Stop: $184.29 | TYPE A Phase 1 | Fees: $0.04",SMC_scalping;BOS_breakout;Bearish Continuation,BOS_breakout,SMC;Scalping;Wyckoff_Markdown
2025-08-07T00:00:00+00:00,AAPL,CLOSE,short,0.7861980649703346,184.4944800298165,0,0,10.0,0,-9.648886577324006,931.587407194273,"Stop loss hit | TYPE A Phase 1 | Closed 0.7862, Remaining 0.0000 | Gross: $-9.57 | Fees: $0.08",,,
2025-08-07T00:00:00+00:00,AAPL,ENTRY,short,0.6826584582528729,198.62312705303273,176.4622898291826,212.26959104878375,10.0,0,0,917.9909436921703,"SMC Scalping Short. Trigger: BOS Bearish Breakout (Vol Ratio 2.5x), Target: $176.46, Stop: $212.27 | TYPE A Phase 1 | Fees: $0.04",SMC_scalping;BOS_breakout;Bearish Continuation,BOS_breakout,SMC;Scalping;Wyckoff_Markdown
2025-08-11T00:00:00+00:00,AAPL,CLOSE,short,0.6826584582528729,212.5030875989374,0,0,10.0,0,-9.552453633534448,922.0349535607386,"Stop loss hit | TYPE A Phase 1 | Closed 0.6827, Remaining 0.0000 | Gross: $-9.48 | Fees: $0.08",,,
2025-08-15T00:00:00+00:00,AAPL,ENTRY,short,1.7810757986580232,220.81326055480406,200.35277340110656,225.99010341716544,10.0,0,0,882.5982847035864,"SMC Scalping Short. Trigger: OB High $225.47, Target: $200.35, Stop: $225.99 | TYPE A Phase 1 | Fees: $0.11",SMC_scalping;OB_FVG_limit;Bearish Continuation,OB_mitigation,SMC;Scalping;Wyckoff_Markdown
2025-08-20T00:00:00+00:00,AAPL,CLOSE,short,1.7810757986580232,226.2386925309243,0,0,10.0,0,-9.882069778888695,912.1528837818498,"Stop loss hit | TYPE A Phase 1 | Closed 1.7811, Remaining 0.0000 | Gross: $-9.66 | Fees: $0.22",,,
2025-09-10T00:00:00+00:00,AAPL,ENTRY,long,1.069631278231052,250.86238005343225,264.3402122334138,242.33464809246752,10.0,0,0,885.2460681399211,"SMC Scalping Long. Trigger: BOS Bullish Breakout (Vol Ratio 1.3x), Target: $264.34, Stop: $242.33 | TYPE A Phase 1 | Fees: $0.07",SMC_scalping;BOS_breakout;Bullish Continuation,BOS_breakout,SMC;Scalping;Wyckoff_Markup
2025-09-23T00:00:00+00:00,AAPL,CLOSE,long,1.069631278231052,242.0680799795658,0,0,10.0,0,-9.551653234619339,902.6012305472306,"Stop loss hit | TYPE A Phase 1 | Closed 1.0696, Remaining 0.0000 | Gross: $-9.41 | Fees: $0.14",,,
2025-10-02T00:00:00+00:00,AAPL,ENTRY,short,1.0255208624887158,203.11164116196605,189.03910280313514,211.9130343228698,10.0,0,0,881.7144268176467,"SMC Scalping Short. Trigger: BOS Bearish Breakout (Vol Ratio 1.4x), Target: $189.04, Stop: $211.91 | TYPE A Phase 1 | Fees: $0.06",SMC_scalping;BOS_breakout;Bearish Continuation,BOS_breakout,SMC;Scalping;Wyckoff_Markdown
2025-10-06T00:00:00+00:00,AAPL,CLOSE,short,1.0255208624887158,212.14613866062496,0,0,10.0,0,-9.382175934019502,893.219054613211,"Stop loss hit | TYPE A Phase 1 | Closed 1.0255, Remaining 0.0000 | Gross: $-9.27 | Fees: $0.12",,,
2025-10-06T00:00:00+00:00,AAPL,ENTRY,short,0.9974636409521672,212.88565274841687,201.49497803997792,221.84055614480087,10.0,0,0,871.9260897164879,"SMC Scalping Short. Trigger: BOS Bearish Breakout (Vol Ratio 1.9x), Target: $201.49, Stop: $221.84 | TYPE A Phase 1 | Fees: $0.06",SMC_scalping;BOS_breakout;Bearish Continuation,BOS_breakout,SMC;Scalping;Wyckoff_Markdown
2025-10-07T00:00:00+00:00,AAPL,CLOSE,short,0.9974636409521672,201.7166225158219,0,0,10.0,0,11.02697512057517,904.2460297337863,"Take profit hit | TYPE A Phase 1 | Closed 0.9975, Remaining 0.0000 | Gross: $11.14 | Fees: $0.11",,,
2025-10-07T00:00:00+00:00,AAPL,ENTRY,short,0.765761887043154,173.33945261084054,154.16772636122514,185.14790175193534,10.0,0,0,890.935852495515,"SMC Scalping Short. Trigger: BOS Bearish Breakout (Vol Ratio 1.2x), Target: $154.17, Stop: $185.15 | TYPE A Phase 1 | Fees: $0.04",SMC_scalping;BOS_breakout;Bearish Continuation,BOS_breakout,SMC;Scalping;Wyckoff_Markdown
2025-10-21T00:00:00+00:00,AAPL,CLOSE,short,0.765761887043154,185.3515644438625,0,0,10.0,0,-9.273952199901725,894.9720775338845,"Stop loss hit | TYPE A Phase 1 | Closed 0.7658, Remaining 0.0000 | Gross: $-9.20 | Fees: $0.08",,,
2025-11-17T00:00:00+00:00,AAPL,ENTRY,short,9.972982362308048,196.5047598248674,178.652190034309,197.40215645610616,10.0,0,0,698.4592990610296,"SMC Scalping Short. Trigger: OB High $196.95, Target: $178.65, Stop: $197.40 | TYPE A Phase 1 | Fees: $0.54",SMC_scalping;OB_FVG_limit;Bearish Reversal,OB_mitigation,SMC;Scalping;Wyckoff_Markdown
2025-11-18T00:00:00+00:00,AAPL,CLOSE,short,9.972982362308048,197.61929882820786,0,0,10.0,0,-12.196190700933684,882.7758868329508,"Stop loss hit | TYPE A Phase 1 | Closed 9.9730, Remaining 0.0000 | Gross: $-11.12 | Fees: $1.08",,,
2025-12-29T00:00:00+00:00,AAPL,ENTRY,short,0.8920070042808578,200.6448112053496,184.7398291970006,210.5413241541986,10.0,0,0,864.8290105775064,"SMC Scalping Short. Trigger: BOS Bearish Breakout (Vol Ratio 1.4x), Target: $184.74, Stop: $210.54 | TYPE A Phase 1 | Fees: $0.05",SMC_scalping;BOS_breakout;Bearish Continuation,BOS_breakout,SMC;Scalping;Wyckoff_Markdown
2025-12-31T00:00:00+00:00,AAPL,CLOSE,short,0.8920070042808578,200.5637771982432,0,0,10.0,0,-0.02613433761038826,882.7497524953404,"End of backtest | TYPE A Phase 1 | Closed 0.8920, Remaining 0.0000 | Gross: $0.07 | Fees: $0.10",,,
2024-02-12T00:00:00+00:00,GOLD,ENTRY,long,0.10670676733085159,2653.285388125466,2789.6018449285166,2559.5706196047936,10.0,0,0,971.6097903783872,"SMC Scalping Long. Trigger: BOS Bullish Breakout (Vol Ratio 20.0x), Target: $2789.60, Stop: $2559.57 | TYPE A Phase 1 | Fees: $0.08",SMC_scalping;BOS_breakout;Bullish Continuation,BOS_breakout,SMC;Scalping;Wyckoff_Markup
2024-02-26T00:00:00+00:00,GOLD,CLOSE,long,0.10670676733085159,2782.2223555229107,0,0,10.0,0,13.598945478889936,1013.59894547889,"Take profit hit | TYPE A Phase 1 | Closed 0.1067, Remaining 0.0000 | Gross: $13.76 | Fees: $0.16",,,
2024-02-29T00:00:00+00:00,GOLD,ENTRY,long,0.14882815967797958,2941.5126610074744,3066.437825915212,2873.4073409072985,10.0,0,0,969.7005644012661,"SMC Scalping Long. Trigger: OB Low $2876.70, Target: $3066.44, Stop: $2873.41 | TYPE A Phase 1 | Fees: $0.12",SMC_scalping;OB_FVG_limit;Bullish Continuation,OB_mitigation,SMC;Scalping;Wyckoff_Markup
2024-03-11T00:00:00+00:00,GOLD,CLOSE,long,0.14882815967797958,2863.605572768575,0,0,10.0,0,-11.832358960913043,1001.766586517977,"Stop loss hit | TYPE A Phase 1 | Closed 0.1488, Remaining 0.0000 | Gross: $-11.59 | Fees: $0.24",,,
2024-06-04T00:00:00+00:00,GOLD,ENTRY,short,0.01752460945302343,2027.7422750270887,1828.9661293969425,2599.3764613428057,10.0,0,0,998.2032751412071,"SMC Scalping Short. Trigger: FVG High $2594.14, Target: $1828.97, Stop: $2599.38 | TYPE A Phase 1 | Fees: $0.01",SMC_scalping;OB_FVG_limit;Bearish Continuation,FVG_mitigation,SMC;Scalping;Wyckoff_Markdown
2024-06-18T00:00:00+00:00,GOLD,CLOSE,short,0.01752460945302343,2610.444399413798,0,0,10.0,0,-10.2339798200851,991.5326066978919,"Stop loss hit | TYPE A Phase 1 | Closed 0.0175, Remaining 0.0000 | Gross: $-10.21 | Fees: $0.02",,,
2024-07-01T00:00:00+00:00,GOLD,ENTRY,long,0.2827412885832185,2759.000960812577,2895.4706639772985,2723.932414168175,10.0,0,0,913.3097350527561,"SMC Scalping Long. Trigger: OB Low $2727.52, Target: $2895.47, Stop: $2723.93 | TYPE A Phase 1 | Fees: $0.21",SMC_scalping;OB_FVG_limit;Bullish Reversal,OB_mitigation,SMC;Scalping;Wyckoff_Markup
2024-07-11T00:00:00+00:00,GOLD,CLOSE,long,0.2827412885832185,2889.561909204541,0,0,10.0,0,36.47577325225016,1028.008379950142,"Take profit hit | TYPE A Phase 1 | Closed 0.2827, Remaining 0.0000 | Gross: $36.91 | Fees: $0.44",,,
2025-01-13T00:00:00+00:00,GOLD,ENTRY,short,0.018476105121488326,2713.358046740982,2600.133467711079,3269.7569052615117,10.0,0,0,1022.9813647204211,"SMC Scalping Short. Trigger: FVG High $3265.52, Target: $2600.13, Stop: $3269.76 | TYPE A Phase 1 | Fees: $0.01",SMC_scalping;OB_FVG_limit;Bearish Continuation,FVG_mitigation,SMC;Scalping;Wyckoff_Markdown
2025-01-21T00:00:00+00:00,GOLD,CLOSE,short,0.018476105121488326,3279.7082042717047,0,0,10.0,0,-10.494395389673889,1017.513984560468,"Stop loss hit | TYPE A Phase 1 | Closed 0.0185, Remaining 0.0000 | Gross: $-10.46 | Fees: $0.03",,,
2025-01-21T00:00:00+00:00,GOLD,ENTRY,short,0.07955576310714822,3333.1919209484563,3146.582508528277,3461.0913898015233,10.0,0,0,990.9235988527197,"SMC Scalping Short. Trigger: BOS Bearish Breakout (Vol Ratio 10.0x), Target: $3146.58, Stop: $3461.09 | TYPE A Phase 1 | Fees: $0.07",SMC_scalping;BOS_breakout;Bearish Continuation,BOS_breakout,SMC;Scalping;Wyckoff_Markdown
2025-01-24T00:00:00+00:00,GOLD,CLOSE,short,0.07955576310714822,3471.1847791914397,0,0,10.0,0,-11.12699217059031,1006.3869923898777,"Stop loss hit | TYPE A Phase 1 | Closed 0.0796, Remaining 0.0000 | Gross: $-10.98 | Fees: $0.15",,,
2025-02-13T00:00:00+00:00,GOLD,ENTRY,short,0.012299615516325892,2442.3782564882003,2144.1617642655333,3260.6046401129975,10.0,0,0,1003.3746999536412,"SMC Scalping Short. Trigger: FVG High $3255.05, Target: $2144.16, Stop: $3260.60 | TYPE A Phase 1 | Fees: $0.01",SMC_scalping;OB_FVG_limit;Bearish Continuation,FVG_mitigation,SMC;Scalping;Wyckoff_Markdown
2025-03-12T00:00:00+00:00,GOLD,CLOSE,short,0.012299615516325892,2153.895055341585,0,0,10.0,0,3.5326860485228258,1009.9196784384005,"Take profit hit | TYPE A Phase 1 | Closed 0.0123, Remaining 0.0000 | Gross: $3.55 | Fees: $0.02",,,
2025-03-17T00:00:00+00:00,GOLD,ENTRY,short,0.5363994443622448,1997.1413035827295,1840.2868789211839,2015.969057583093,10.0,0,0,902.4985318744065,"SMC Scalping Short. Trigger: FVG High $2011.84, Target: $1840.29, Stop: $2015.97 | TYPE A Phase 1 | Fees: $0.29",SMC_scalping;OB_FVG_limit;Bearish Continuation,FVG_mitigation,SMC;Scalping;Wyckoff_Markdown
2025-03-19T00:00:00+00:00,GOLD,CLOSE,short,0.5363994443622448,2023.366986274062,0,0,10.0,0,-14.660506187152809,995.2591722512477,"Stop loss hit | TYPE A Phase 1 | Closed 0.5364, Remaining 0.0000 | Gross: $-14.07 | Fees: $0.59",,,
2025-03-26T00:00:00+00:00,GOLD,ENTRY,short,0.07868113198146137,2462.0184485395434,2299.0498234033216,2588.511185386002,10.0,0,0,975.8344609426297,"SMC Scalping Short. Trigger: FVG High $2584.22, Target: $2299.05, Stop: $2588.51 | TYPE A Phase 1 | Fees: $0.05",SMC_scalping;OB_FVG_limit;Bearish Continuation,FVG_mitigation,SMC;Scalping;Wyckoff_Markdown
2025-04-24T00:00:00+00:00,GOLD,CLOSE,short,0.07868113198146137,2599.109595209592,0,0,10.0,0,-10.895995807621931,984.3631764436259,"Stop loss hit | TYPE A Phase 1 | Closed 0.0787, Remaining 0.0000 | Gross: $-10.79 | Fees: $0.11",,,
2025-04-24T00:00:00+00:00,GOLD,ENTRY,long,0.011885114738941369,3338.790499614657,3538.1790814121646,2510.5585489222694,10.0,0,0,980.3840731011564,"SMC Scalping Long. Trigger: FVG Low $2515.81, Target: $3538.18, Stop: $2510.56 | TYPE A Phase 1 | Fees: $0.01",SMC_scalping;OB_FVG_limit;Bullish Continuation,FVG_mitigation,SMC;Scalping;Wyckoff_Markup
2025-05-27T00:00:00+00:00,GOLD,CLOSE,long,0.011885114738941369,3531.8270416478335,0,0,10.0,0,2.2718054794763254,986.6349819231023,"Take profit hit | TYPE A Phase 1 | Closed 0.0119, Remaining 0.0000 | Gross: $2.29 | Fees: $0.02",,,
2025-06-02T00:00:00+00:00,GOLD,ENTRY,long,0.28385376901414106,3631.2051808609867,3746.077794781896,3596.4466153732074,10.0,0,0,883.2784031569165,"SMC Scalping Long. Trigger: FVG Low $3599.48, Target: $3746.08, Stop: $3596.45 | TYPE A Phase 1 | Fees: $0.28",SMC_scalping;OB_FVG_limit;Bullish Continuation,FVG_mitigation,SMC;Scalping;Wyckoff_Markup
2025-06-05T00:00:00+00:00,GOLD,CLOSE,long,0.28385376901414106,3583.6520087220806,0,0,10.0,0,-14.061337351901274,972.5736445712009,"Stop loss hit | TYPE A Phase 1 | Closed 0.2839, Remaining 0.0000 | Gross: $-13.50 | Fees: $0.56",,,
2025-11-04T00:00:00+00:00,GOLD,ENTRY,long,0.2862347033540787,3369.615226954782,3560.031564405953,3335.6370393634575,10.0,0,0,875.8583253566233,"SMC Scalping Long. Trigger: FVG Low $3340.65, Target: $3560.03, Stop: $3335.64 | TYPE A Phase 1 | Fees: $0.27",SMC_scalping;OB_FVG_limit;Bullish Continuation,FVG_mitigation,SMC;Scalping;Wyckoff_Markup
2025-11-05T00:00:00+00:00,GOLD,CLOSE,long,0.2862347033540787,3325.2575252756224,0,0,10.0,0,-13.223697433565665,959.3499471376352,"Stop loss hit | TYPE A Phase 1 | Closed 0.2862, Remaining 0.0000 | Gross: $-12.70 | Fees: $0.53",,,
2025-12-04T00:00:00+00:00,GOLD,ENTRY,short,0.03812601577736015,2733.574630022741,2448.3988080051186,2985.2006988833937,10.0,0,0,948.8992556052464,"SMC Scalping Short. Trigger: FVG High $2977.69, Target: $2448.40, Stop: $2985.20 | TYPE A Phase 1 | Fees: $0.03",SMC_scalping;OB_FVG_limit;Bearish Continuation,FVG_mitigation,SMC;Scalping;Wyckoff_Markdown
2025-12-18T00:00:00+00:00,GOLD,CLOSE,short,0.03812601577736015,2998.29299464558,0,0,10.0,0,-10.152753196927597,949.1971939407076,"Stop loss hit | TYPE A Phase 1 | Closed 0.0381, Remaining 0.0000 | Gross: $-10.09 | Fees: $0.06",,,
